record_id,epoch_index,prob_wake,prob_n1,prob_n2,prob_n3,prob_rem
SC4001,0,0.8418159254431198,0.1164154582089457,0.0069356780995883,0.002079650022606,0.03275328822574
SC4001,1,0.9671453659657664,0.010743868761867,0.0146671223729069,0.0044544346529865,0.0029892082464729
SC4001,2,0.9889062400976484,0.0028423711287,0.0038034786421507,0.0015906891898947,0.0028572209416061
SC4001,3,0.8504186928825539,0.0591452101149485,0.0561529734236852,0.0104850633905778,0.0237980601882344
SC4001,4,0.6718993713826298,0.0995807815332233,0.1310213678033931,0.025991141935521,0.0715073373452327
SC4001,5,0.9586676546251586,0.0088761166053219,0.0107093681059803,0.0132345532969688,0.0085123073665702
SC4001,6,0.98265160089427,0.0022095078308175,0.0062509854898463,0.005446419628257,0.0034414861568091
SC4001,7,0.8755899359403946,0.0043680913448124,0.0184745275281624,0.0093166611657358,0.0922507840208946
SC4001,8,0.9448701357051532,0.0077271769769298,0.0228547641924444,0.009094733096497,0.0154531900289753
SC4001,9,0.9515435664369224,0.0048145238601261,0.0144012744633921,0.0025058747665557,0.0267347604730034
SC4001,10,0.9688006112757545,0.0026798656987957,0.0087293281868785,0.0077052866873587,0.0120849081512124
SC4001,11,0.9505712054628768,0.0029411138373001,0.010694318523203,0.0283734468740878,0.0074199153025321
SC4001,12,0.952822985315544,0.0093157092712687,0.00950864203453,0.0097001176880983,0.0186525456905587
SC4001,13,0.9082981388467024,0.0262271233908025,0.019497867762984,0.0065787614171881,0.0393981085823227
SC4001,14,0.7743558332765523,0.020664154275874,0.067947419772072,0.0077791556182321,0.1292534370572694
SC4001,15,0.8536349613766974,0.0115889180619204,0.1103469559915804,0.0041551022254023,0.0202740623443993
SC4001,16,0.9281671551641923,0.0084374226125596,0.0174037256497227,0.0017315433335285,0.0442601532399965
SC4001,17,0.9039515237404974,0.0098812932605771,0.0249772078280049,0.0018347941342137,0.0593551810367068
SC4001,18,0.9393836800162416,0.0026102486570291,0.0062143076305976,0.006647321295648,0.0451444424004836
SC4001,19,0.9277765375869608,0.0074588432284998,0.0388427890672056,0.0041109885822591,0.0218108415350746
SC4001,20,0.7763539785961763,0.0105682296807376,0.0142219336940435,0.000436870330728,0.1984189876983145
SC4001,21,0.5104132805017682,0.0088967383366509,0.0130222209943899,0.0008505342596111,0.4668172259075798
SC4001,22,0.9557981231143244,0.0191662782218372,0.0105697131179126,0.0004917929823774,0.013974092563548
SC4001,23,0.8872736765498239,0.0235605057777358,0.0127589677910113,0.0005379027190147,0.0758689471624141
SC4001,24,0.9333376450768064,0.0158466477237939,0.0224717933264137,0.0012870372858989,0.0270568765870868
SC4001,25,0.8895845889174664,0.0136190827692589,0.025261595622609,0.0101627733757868,0.0613719593148786
SC4001,26,0.7950811310942547,0.0131333061413604,0.0198088552817352,0.003289288129761,0.1686874193528887
SC4001,27,0.6258488351888878,0.0628857633321263,0.0689830083191169,0.0006047967625873,0.2416775963972816
SC4001,28,0.7653238454186754,0.0111650293807506,0.0114080435577809,0.0085914132903174,0.2035116683524755
SC4001,29,0.8386508211253313,0.0315215270502612,0.0189240819932144,0.0140707646134131,0.0968328052177798
SC4001,30,0.905513551859768,0.0235242437786266,0.0251093306138808,0.0051978776341467,0.0406549961135777
SC4001,31,0.8783938791263496,0.0273398409755005,0.0294850625242114,0.0012678455076,0.0635133718663383
SC4001,32,0.9275850545243568,0.010141502937115,0.0164921799976055,0.004639690398688,0.0411415721422344
SC4001,33,0.8939965303386241,0.0086327731130612,0.0242907799980293,0.0037653741045941,0.069314542445691
SC4001,34,0.8029195620362517,0.0201649615670924,0.0354254042361818,0.0035411157620433,0.1379489563984307
SC4001,35,0.9231487654981602,0.0158197600273439,0.0200038844149276,0.0060451795055438,0.0349824105540244
SC4001,36,0.9561698793058396,0.0059012670671698,0.0132654372468913,0.0026263615996546,0.0220370547804443
SC4001,37,0.8282737239999097,0.0106981648169942,0.0077177521036951,0.0065937705020855,0.1467165885773154
SC4001,38,0.8986412689390786,0.0127960099291648,0.0121201308999332,0.0008381938978409,0.0756043963339823
SC4001,39,0.9707775446882194,0.0028812041841047,0.0050525035900912,0.0021393910604331,0.0191493564771514
SC4001,40,0.9469899671001828,0.0039801795545467,0.0096606929533071,0.0041432252875283,0.0352259351044348
SC4001,41,0.9888855191501374,0.0008703200914911,0.0016490820706993,0.0010256548772826,0.0075694238103895
SC4001,42,0.992879610178418,0.0018797749457674,0.0015928382987422,0.0004671414416013,0.0031806351354709
SC4001,43,0.9849019195659054,0.0019418970987367,0.0029730271506695,0.0031860701487382,0.0069970860359499
SC4001,44,0.9074681198551054,0.0033504798591603,0.0046669299498902,0.0004271629918632,0.0840873073439808
SC4001,45,0.9541600872017184,0.0104442655857137,0.017140374436973,0.0034501968794734,0.0148050758961214
SC4001,46,0.9723575440884976,0.0060694408710971,0.0106402955844563,0.0006350626614714,0.0102976567944775
SC4001,47,0.9788795161153402,0.0070726165189438,0.0066897616158502,0.0010088328473697,0.0063492729024959
SC4001,48,0.9758891248121212,0.0097023811629643,0.0094725010281515,0.0017942908773775,0.0031417021193852
SC4001,49,0.9334566967065032,0.0339449913736464,0.015372240429684,0.0043591969962878,0.0128668744938783
SC4001,50,0.9040520533186752,0.0315262844577442,0.0306304641803899,0.0045611189627435,0.0292300790804469
SC4001,51,0.9360218105173372,0.0065218795628239,0.021438877989664,0.0077812100201785,0.0282362219099964
SC4001,52,0.9578247662566336,0.0068895376805486,0.018166824763077,0.0043697898212419,0.0127490814784985
SC4001,53,0.939019333603011,0.0148108532065672,0.0243260570692102,0.0048004707706294,0.017043285350582
SC4001,54,0.9569966406124334,0.0063643756207446,0.0165077304679319,0.0012217230147823,0.0189095302841077
SC4001,55,0.979655735508565,0.0065580520919693,0.0057899133706487,0.0005260871392644,0.0074702118895523
SC4001,56,0.9822535153113848,0.0044464960222272,0.0047209284253695,0.0002216424642358,0.0083574177767827
SC4001,57,0.9135489230219388,0.0234912689274255,0.0128153479934048,0.0008456392179348,0.0492988208392961
SC4001,58,0.93701765330548,0.0155890633750282,0.0076885223019672,0.0009993160013762,0.0387054450161483
SC4001,59,0.9819148635808714,0.0026930183108541,0.0010986392167932,9.728569425903336e-05,0.0141961931972221
SC4001,60,0.932858810788702,0.0437738587002365,0.004140707737122,0.0005048551170674,0.0187217676568719
SC4001,61,0.9467166410453196,0.0131172551182859,0.0092442759948486,0.0014076564056151,0.0295141714359309
SC4001,62,0.9213658777209192,0.0088128545139084,0.0195873217211904,0.0013653995486814,0.0488685464953004
SC4001,63,0.94816349934211,0.0057685283177811,0.0108260547662314,0.0025632674608755,0.0326786501130018
SC4001,64,0.8539789499330082,0.0079285616433156,0.0131240433122865,0.002635127871707,0.1223333172396824
SC4001,65,0.9459739634896848,0.0079980898979034,0.0237123434314039,0.0078749708068593,0.0144406323741486
SC4001,66,0.8904214905467116,0.0204145095877759,0.0540844537798012,0.0050296251204286,0.0300499209652825
SC4001,67,0.6944890047184263,0.0284557035100934,0.1167626398372899,0.0195091511730596,0.1407835007611307
SC4001,68,0.578767214630572,0.0132750233740559,0.0997564526422045,0.0109895578122155,0.297211751540952
SC4001,69,0.5925826213711851,0.0286929358546021,0.1097765281737633,0.0612388912690364,0.2077090233314128
SC4001,70,0.7579772931324444,0.0137002711718676,0.0285119931424354,0.0088440868148836,0.1909663557383688
SC4001,71,0.8917672621722014,0.0170537910536525,0.0391418055932972,0.013897880558271,0.0381392606225778
SC4001,72,0.9462846546636784,0.0074360286551837,0.0122845716165819,0.0035092039691445,0.0304855410954115
SC4001,73,0.8293053988165444,0.0249362136958108,0.033424383507432,0.0058917404337386,0.106442263546474
SC4001,74,0.8853480783392746,0.0224714318929857,0.0195771834549208,0.0057970718903757,0.0668062344224429
SC4001,75,0.8211121999881048,0.0277696030162522,0.0343848379820185,0.001251975802504,0.1154813832111203
SC4001,76,0.9276814382291596,0.0107872027900296,0.0120259753580047,0.0083723484224724,0.0411330352003334
SC4001,77,0.9344217270273288,0.004767983910364,0.0063551407629106,0.0048938260981549,0.0495613222012416
SC4001,78,0.9686181663262956,0.0038464759193022,0.0077072783056679,0.0024076656289919,0.0174204138197421
SC4001,79,0.9509068202243692,0.0094665974916216,0.0114037101153525,0.000583764073015,0.0276391080956416
SC4001,80,0.9603090308698669,0.0180885659842127,0.0077900539887041,0.0021373038860813,0.0116750452711349
SC4001,81,0.9567410440402874,0.0134579958960756,0.0085898013360631,0.0002801170195484,0.0209310417080253
SC4001,82,0.9776807252848926,0.0036017518119215,0.0035352421739105,0.0006511222976534,0.014531158431622
SC4001,83,0.935504772250538,0.0097949633642778,0.0094183321612538,0.0024659833617038,0.0428159488622263
SC4001,84,0.9073072266186522,0.0396286834481423,0.038522049502712,0.0039418993933397,0.0106001410371536
SC4001,85,0.9165862497595402,0.0388344138333322,0.0351967753078726,0.0024688484815372,0.0069137126177176
SC4001,86,0.922802784485084,0.026367740644767,0.0329078210596407,0.0052328412414525,0.0126888125690557
SC4001,87,0.9514621619647304,0.0116182946846854,0.0187017822496175,0.0107912475048349,0.0074265135961314
SC4001,88,0.95852078673274,0.0059309620581798,0.0190722121667484,0.0107437969679924,0.005732242074339
SC4001,89,0.9016390696682908,0.0187298428807428,0.0345794707506878,0.0107959137580218,0.0342557029422567
SC4001,90,0.9522581197778412,0.006333851800381,0.0190414456147119,0.0155608203155425,0.0068057624915232
SC4001,91,0.94408499633583,0.0104670597195471,0.0260383560914542,0.0106255657264694,0.0087840221266992
SC4001,92,0.9453091100455429,0.0052689040455922,0.0168397226261514,0.0212408547955642,0.0113414084871492
SC4001,93,0.9488888354452812,0.0134885121991841,0.0171607535601173,0.0130814106187085,0.0073804881767087
SC4001,94,0.939470090733047,0.0070895259916148,0.0242680263230695,0.0176872555724812,0.0114851013797872
SC4001,95,0.9386572053230114,0.0096916902101241,0.0275027799940616,0.0174849182078373,0.0066634062649654
SC4001,96,0.9284264865402404,0.0283538275931731,0.0226949193378469,0.0144683794836776,0.0060563870450618
SC4001,97,0.8665288463637473,0.0392620226502378,0.0761239273788405,0.0115231442798143,0.0065620593273599
SC4001,98,0.7908039516191617,0.0667690547013014,0.1127177774433336,0.0280209535026768,0.0016882627335263
SC4001,99,0.9248831062382692,0.0201429779565354,0.04270947592704,0.0085604095098359,0.0037040303683194
SC4001,100,0.9109511303597488,0.0311326464322939,0.0439537036982996,0.0100996535238278,0.0038628659858296
SC4001,101,0.8821981311289167,0.0308534308273988,0.0639092995114037,0.0147982095664308,0.0082409289658499
SC4001,102,0.8312284024896803,0.0340810639251766,0.1143510607067583,0.0166382779785001,0.0037011948998846
SC4001,103,0.885435853824685,0.0217389712090826,0.0790705641235279,0.0127536759790717,0.0010009348636324
SC4001,104,0.944156714289922,0.012970331653775,0.0333448220089882,0.0086162067327391,0.0009119253145756
SC4001,105,0.9661541871281706,0.0118152769043156,0.0190447354811406,0.0028527613557474,0.0001330391306255
SC4001,106,0.97828405619952,0.0096591919210281,0.0099410229191888,0.0019248082975362,0.0001909206627268
SC4001,107,0.9679769254752362,0.0198799452483142,0.0059783696345504,0.0054706169748884,0.0006941426670107
SC4001,108,0.9581730309701976,0.0165425135199127,0.022709541752455,0.0021453356945581,0.0004295780628766
SC4001,109,0.9859378398250426,0.0040502153901046,0.0077398931222661,0.002106932270256,0.0001651193923305
SC4001,110,0.8675670083432395,0.0221926109578444,0.1079470306961132,0.0005217732307506,0.001771576772052
SC4001,111,0.9314004449836124,0.0428195833148743,0.0224931306164619,0.0023227598088559,0.0009640812761952
SC4001,112,0.938133346135555,0.0307258911675198,0.0252988698932179,0.0032886571587988,0.0025532356449084
SC4001,113,0.9565506663110636,0.0192399848354406,0.0132127359321407,0.0067142604070028,0.0042823525143521
SC4001,114,0.9651606977087506,0.015393764749828,0.0152228002362659,0.002377676736135,0.0018450605690203
SC4001,115,0.9217036967195912,0.0345695531332626,0.0241398702651073,0.0089539175635876,0.0106329623184512
SC4001,116,0.9446269453486136,0.0248063318469265,0.0222140024989703,0.0042783779358639,0.0040743423696254
SC4001,117,0.8758412459789842,0.0662007853501327,0.0523051718715285,0.00342188524649,0.0022309115528645
SC4001,118,0.8547217650537403,0.0532463306660815,0.0805660923142896,0.0019539384096192,0.0095118735562693
SC4001,119,0.4952344482298529,0.2179876389399818,0.2680158753588015,0.0063942631369289,0.0123677743344346
SC4001,120,0.7592639182960487,0.0798604876402131,0.1562614488461512,0.0008581445167183,0.0037560007008687
SC4001,121,0.6337322733872334,0.0982721942909564,0.2599183312352751,0.0005921345115199,0.0074850665750151
SC4001,122,0.7137098569713699,0.0941210600097707,0.1820444583633979,0.0036309294628607,0.0064936951926009
SC4001,123,0.7966034393323638,0.0643154439818462,0.1316528281834115,0.0020674735538007,0.0053608149485778
SC4001,124,0.6120317889458233,0.087931760267292,0.2912236471328278,0.0038061452034463,0.0050066584506103
SC4001,125,0.6166636866610662,0.0824302803858335,0.2845812423058555,0.0031848434238521,0.0131399472233926
SC4001,126,0.7484411216114834,0.0455828415147569,0.1762606139732666,0.0152130908435475,0.0145023320569455
SC4001,127,0.614630210640501,0.0778783977330092,0.2733782700546784,0.0106750956471336,0.0234380259246776
SC4001,128,0.8349940514754601,0.0493643963470702,0.0901288809475552,0.0146911447455793,0.0108215264843349
SC4001,129,0.8316422210323822,0.0435936382029571,0.1096124607898934,0.0077848203829351,0.007366859591832
SC4001,130,0.8353340265415391,0.0418691473934545,0.0973190976570785,0.0163120871936788,0.0091656412142489
SC4001,131,0.893139478726991,0.0260277316977508,0.0636867348284523,0.0118550115810327,0.0052910431657731
SC4001,132,0.8426833864949017,0.0493477957095249,0.0907108954879449,0.0051874294332734,0.012070492874355
SC4001,133,0.8210894312033179,0.0302979660313727,0.127672322937382,0.0081329155304008,0.0128073642975266
SC4001,134,0.7417873491907431,0.078419744361255,0.137468063604963,0.0048870880865235,0.0374377547565154
SC4001,135,0.934424605374839,0.0268716670693886,0.0325768801107188,0.0034642155332349,0.0026626319118185
SC4001,136,0.9076365013445968,0.021648117829891,0.0581021132717661,0.0046412162060052,0.0079720513477408
SC4001,137,0.8824658264553856,0.030052404489397,0.0645962120780067,0.0072667214704246,0.0156188355067859
SC4001,138,0.8880119553557626,0.0064986009351948,0.0784800340505795,0.010146358707391,0.016863050951072
SC4001,139,0.8727801034508686,0.0082604915658833,0.0983002813380604,0.0060237337232955,0.014635389921892
SC4001,140,0.7812240975280037,0.0248090635574168,0.163788058010843,0.0126118670664235,0.0175669138373128
SC4001,141,0.969196515673924,0.0058680568470148,0.0201673612547938,0.0021702163898195,0.0025978498344475
SC4001,142,0.8256282774937885,0.038949248241549,0.1154241563043474,0.0066816938195556,0.0133166241407592
SC4001,143,0.8490247481778445,0.024179261653266,0.0963224472789534,0.009868484517195,0.0206050583727409
SC4001,144,0.7703539356728748,0.036385081811818,0.1646068629208849,0.0058739789159677,0.0227801406784545
SC4001,145,0.8636686635013836,0.0554973345465939,0.0706684062752642,0.0034751437784285,0.0066904518983295
SC4001,146,0.8789401136496511,0.048352206877671,0.0530989355248095,0.001761881579384,0.0178468623684841
SC4001,147,0.8457709688282914,0.0620468482784635,0.0731846893952085,0.001979399336126,0.0170180941619105
SC4001,148,0.8505123273533619,0.0387168492401508,0.0842576442777418,0.0037988514112413,0.022714327717504
SC4001,149,0.9221076329229848,0.0248715696741647,0.0406078433059365,0.0030126951339765,0.0094002589629374
SC4001,150,0.9142724979282112,0.0169554731804042,0.0641204153191331,0.0005204139376932,0.0041311996345579
SC4001,151,0.9174193324315004,0.0270585554718145,0.0458771029933008,0.0051439020488102,0.0045011070545739
SC4001,152,0.8450041105729825,0.0301855167498545,0.0953595082664265,0.0261972125324273,0.0032536518783089
SC4001,153,0.9280576639202484,0.0306141831389835,0.0330086986235635,0.0075621385790501,0.0007573157381542
SC4001,154,0.8870489464789146,0.0272025023630524,0.0770888113557095,0.0067125001977294,0.001947239604594
SC4001,155,0.9062935063640214,0.02720979434047,0.0326035474812563,0.0324473403049268,0.0014458115093254
SC4001,156,0.8778203000396974,0.0425135794440241,0.0434466418377951,0.032844125003398,0.0033753536750853
SC4001,157,0.8447438779726634,0.0271392118001723,0.0811884424746034,0.0370361773769876,0.009892290375573
SC4001,158,0.7742203253440574,0.0238816388030738,0.1112125077239095,0.0585141198382438,0.0321714082907153
SC4001,159,0.8099164528207929,0.0244071789733793,0.0967674260318595,0.0487945971366692,0.0201143450372987
SC4001,160,0.8480255151293333,0.0074699954196772,0.0804930865271783,0.0555539808091357,0.0084574221146752
SC4001,161,0.7977197442220402,0.0300271103163418,0.1201943530197863,0.0417628239370333,0.0102959685047982
SC4001,162,0.7602532362502248,0.0930056328916356,0.1279809876005932,0.017616307173445,0.0011438360841013
SC4001,163,0.8475827799552345,0.061649902553619,0.0575371753502598,0.0292979146001799,0.0039322275407066
SC4001,164,0.7598255182345958,0.0816673617431821,0.1210785450605054,0.0271955036088136,0.010233071352903
SC4001,165,0.8577428487575877,0.0653582471169417,0.04880570086357,0.0178295745526475,0.0102636287092529
SC4001,166,0.7547811327745995,0.0603597415118941,0.1571310712869085,0.0123373770337577,0.01539067739284
SC4001,167,0.7929038763597368,0.0562517691483475,0.0724941496840271,0.0118572721402341,0.0664929326676542
SC4001,168,0.3959437020804445,0.0402778190634638,0.1809847415896944,0.0125166126666025,0.3702771245997946
SC4001,169,0.2293764404484042,0.0662298199991743,0.2570651940926306,0.0350918412559007,0.4122367042038901
SC4001,170,0.6038024266354162,0.042486978179812,0.1233835478377715,0.0135488062859119,0.2167782410610884
SC4001,171,0.4921686764659285,0.0320872439700832,0.1486355381515304,0.0099087259463331,0.3171998154661245
SC4001,172,0.4305139345236833,0.0208430534250988,0.1115234272617862,0.0028983308899134,0.4342212538995182
SC4001,173,0.6898249266722173,0.0211011594774879,0.0872985251060277,0.0069763091974908,0.1947990795467761
SC4001,174,0.7139492713902335,0.0932525397625549,0.117109878578594,0.0151052387670907,0.0605830715015268
SC4001,175,0.4106623718483651,0.1605485372851989,0.2908262055035399,0.0559927177735004,0.0819701675893956
SC4001,176,0.3903968245743529,0.2579233558516827,0.2574125403729383,0.0245663786964409,0.0697009005045851
SC4001,177,0.4853538085849493,0.2132184096884545,0.1906812133833689,0.0479956012331786,0.0627509671100487
SC4001,178,0.6550759527185315,0.070981182625333,0.2009027328186441,0.0430058428901113,0.0300342889473799
SC4001,179,0.685148399512636,0.0574011326329294,0.2014000795520661,0.0352473589447027,0.0208030293576656
SC4001,180,0.7039187780360953,0.0605637817456655,0.2168150937106381,0.0157815729564947,0.0029207735511063
SC4001,181,0.7591011684938992,0.0686600522111015,0.1539869865507009,0.0132451715804681,0.0050066211638302
SC4001,182,0.8096485036716102,0.0659684061055039,0.0723510265061023,0.0347873799391039,0.0172446837776795
SC4001,183,0.7729655624830272,0.0691634431271629,0.0349805250725907,0.0490184065834229,0.0738720627337962
SC4001,184,0.6853547299402443,0.0537596768188415,0.0536599669827472,0.0989300955081513,0.1082955307500155
SC4001,185,0.7467655185353977,0.051278676584495,0.1127477244307812,0.0298865735974562,0.0593215068518697
SC4001,186,0.6008897758915822,0.0280882632596811,0.1032066784869486,0.1099035510458221,0.1579117313159658
SC4001,187,0.7759737691205948,0.0217751172820175,0.0632287409714987,0.1136711072007582,0.0253512654251308
SC4001,188,0.8586339292610796,0.035939288242122,0.0698139377901463,0.0330680205823281,0.0025448241243237
SC4001,189,0.848075824552825,0.0427781460780976,0.0640845889427826,0.0435588391659528,0.0015026012603418
SC4001,190,0.937078461530244,0.0131670219023733,0.0162374259821947,0.0312869406447486,0.0022301499404391
SC4001,191,0.9372942999468123,0.0121651421834552,0.0291181093672378,0.0178088372362793,0.0036136112662152
SC4001,192,0.9058538788454324,0.0221924389273715,0.0366582846604364,0.0312473084939045,0.0040480890728551
SC4001,193,0.8413453853382448,0.0202804318572466,0.0605351540418251,0.0704404065891424,0.0073986221735409
SC4001,194,0.7451404714494981,0.0465636853601044,0.1060400838737663,0.0953211841082419,0.0069345752083889
SC4001,195,0.6522497242910831,0.1108629757293677,0.1332467980450688,0.0643311690010633,0.0393093329334169
SC4001,196,0.6991189328764426,0.0657739410740604,0.1529018212597165,0.0800096055082366,0.0021956992815439
SC4001,197,0.7119768500661557,0.0735282860796172,0.1480148017865525,0.0597319281392187,0.0067481339284557
SC4001,198,0.7346256397007219,0.0720745880012874,0.1091077108838581,0.0806445139207244,0.0035475474934081
SC4001,199,0.8713402495594348,0.0405743923361439,0.0350154268907938,0.0514524197711185,0.0016175114425088
SC4001,200,0.8800446226993814,0.0290943737366517,0.0475798345248915,0.0379618556675421,0.005319313371533
SC4001,201,0.8667356811879773,0.0372988405643199,0.0569156428011813,0.0343568601858795,0.0046929752606418
SC4001,202,0.8181093741466581,0.0379845034983963,0.0871080095386109,0.0544567737396575,0.0023413390766771
SC4001,203,0.8488521581610938,0.0369106274373461,0.0806393154848479,0.0284107083604233,0.0051871905562886
SC4001,204,0.8864835529525565,0.0181138791713561,0.0733025423906126,0.0110921316964667,0.0110078937890079
SC4001,205,0.8328494943988943,0.0370243283475155,0.1124047855916403,0.0117054858600897,0.0060159058018599
SC4001,206,0.779840426325635,0.0300568944077392,0.1694530171330049,0.0140146898231121,0.0066349723105086
SC4001,207,0.603860560782953,0.0648511149869486,0.3053864471982157,0.0159655682459699,0.0099363087859127
SC4001,208,0.8704857200613613,0.0128793855302481,0.1003100946570836,0.0027682500603269,0.01355654969098
SC4001,209,0.7864598188562699,0.0599663661248341,0.1344648408725367,0.0133448937831364,0.0057640803632228
SC4001,210,0.745986993995183,0.0617521932696542,0.1605432538446791,0.0273119683012251,0.0044055905892585
SC4001,211,0.857666285895969,0.0534764937643925,0.0681063773474554,0.0143811174463844,0.0063697255457984
SC4001,212,0.5645216750473212,0.052206070514266,0.2987678704815288,0.0620511883590472,0.0224531955978366
SC4001,213,0.6957854387980326,0.0301443397659577,0.2049657464678291,0.05817488050118,0.0109295944670002
SC4001,214,0.6768734850335759,0.0639599815103536,0.1764054216105521,0.0581785334528649,0.0245825783926532
SC4001,215,0.8391907194673075,0.0271471787219828,0.1284270030183278,0.0032451136932548,0.0019899850991268
SC4001,216,0.7988269171872157,0.034443874765354,0.108989520864382,0.0305665463174221,0.0271731408656261
SC4001,217,0.712938671409704,0.084700591396841,0.101045468302911,0.0321471298987098,0.069168138991834
SC4001,218,0.767927823406753,0.0507559361341961,0.1351975378504569,0.0206850797256623,0.0254336228829315
SC4001,219,0.6355262718595738,0.0286491074038601,0.2919392611870532,0.0262097657091072,0.0176755938404057
SC4001,220,0.4521627515706528,0.0782322547661497,0.4077570691467795,0.0421998403429995,0.0196480841734184
SC4001,221,0.6254355769947982,0.0943702480122728,0.2418128794398653,0.0281596948044862,0.0102216007485774
SC4001,222,0.6044492514276976,0.1381445143229456,0.2291276710481012,0.0210569289581949,0.0072216342430605
SC4001,223,0.2258374482676851,0.0620390140769159,0.7034299921121951,0.0036049379375484,0.0050886076056554
SC4001,224,0.5267972305083818,0.0665768653569543,0.3603526017713291,0.0426593630233812,0.0036139393399536
SC4001,225,0.5324498078948032,0.116271342194352,0.2653620710881406,0.0770406326991171,0.0088761461235868
SC4001,226,0.6727414859967203,0.0806759734114065,0.2090263631676966,0.0310138127060029,0.0065423647181735
SC4001,227,0.8476165375940181,0.0230163721060598,0.0749035707455887,0.0495412192233873,0.0049223003309459
SC4001,228,0.8493517097636336,0.0188667358853924,0.0650024177585881,0.0642471463336374,0.0025319902587483
SC4001,229,0.7303690430606106,0.0377620688762464,0.0771021121800486,0.1503003478730268,0.0044664280100675
SC4001,230,0.7755004610776475,0.0306216939088067,0.1025176558160887,0.0889751341417329,0.0023850550557239
SC4001,231,0.7972880622641252,0.0180624896586915,0.1052074365031985,0.0782925770721907,0.0011494345017939
SC4001,232,0.7600815050275906,0.0205456040758183,0.1091215958885486,0.107302682982784,0.0029486120252583
SC4001,233,0.7257632213172802,0.0545441336164114,0.1813809425572693,0.0354326466733128,0.002879055835726
SC4001,234,0.8151864288606337,0.0363782180668637,0.1292514507051225,0.0148657103055059,0.004318192061874
SC4001,235,0.8956622043885976,0.0192964940394413,0.0639540433730929,0.0062045471203322,0.014882711078536
SC4001,236,0.8832502838861296,0.0244503132216827,0.0703225669974159,0.0201938147506616,0.0017830211441099
SC4001,237,0.9234228668458768,0.0071066950045384,0.0542494624783767,0.0140989461129009,0.0011220295583071
SC4001,238,0.957547641474969,0.0037981704904015,0.0211853337646208,0.0171127141766307,0.0003561400933777
SC4001,239,0.9749642654417738,0.0014987668186908,0.0147068275663441,0.008077322077533,0.000752818095658
SC4001,240,0.9884686549573812,0.0017326757461266,0.0057484660509239,0.0036838231674173,0.0003663800781508
SC4001,241,0.9414699377690876,0.0134109243558103,0.0181439434082304,0.0255005772339826,0.0014746172328889
SC4001,242,0.9732211274377917,0.0066282276256334,0.0115862068626763,0.0081729164873239,0.0003915215865746
SC4001,243,0.8586360896583064,0.031068650204662,0.050935396583124,0.0555493301386598,0.0038105334152477
SC4001,244,0.9494706004601527,0.0085928227443643,0.0137960183045262,0.0278199144087999,0.0003206440821566
SC4001,245,0.9311701268238232,0.0176814821657512,0.0293501623252794,0.0210101909539928,0.0007880377311534
SC4001,246,0.9110123992127108,0.0135365286634039,0.0325878537109602,0.0419759677013311,0.0008872507115937
SC4001,247,0.8876542819220141,0.0157560722513639,0.0460484515458671,0.0491008881530918,0.0014403061276629
SC4001,248,0.8341736128273518,0.014642234091679,0.058791621839937,0.0889348393779544,0.0034576918630776
SC4001,249,0.8906300222448205,0.016641593112488,0.028398946233012,0.0629492006459817,0.0013802377636977
SC4001,250,0.9182758363832494,0.0050046836189932,0.0136328038409621,0.0607405488763158,0.0023461272804793
SC4001,251,0.92509235891274,0.0129777749364232,0.0134299115796627,0.0463847674513384,0.0021151871198353
SC4001,252,0.9224895852711592,0.0144737742476648,0.0295664660449248,0.0307954001729188,0.0026747742633321
SC4001,253,0.7584178524586395,0.0406579137060809,0.0518921310225616,0.1419800213011408,0.007052081511577
SC4001,254,0.8754766269868838,0.0251676537433765,0.0197599178182614,0.0762307542269095,0.0033650472245686
SC4001,255,0.9323153749943884,0.0079770690021885,0.0159649633495113,0.0408642012054957,0.0028783914484159
SC4001,256,0.864059197168941,0.0309583827816675,0.0477299190933063,0.0471272720365631,0.0101252289195221
SC4001,257,0.8554469260416401,0.0195611637367558,0.0647884632579971,0.0558491972973546,0.0043542496662522
SC4001,258,0.8817813903049877,0.0405269378763431,0.0388637969404593,0.026306365659295,0.0125215092189146
SC4001,259,0.8704162424223106,0.0445013996308964,0.0436793171839917,0.0361918913668253,0.0052111493959758
SC4001,260,0.8235779795630098,0.0751735716826284,0.0630207831836255,0.0336356312470631,0.0045920343236731
SC4001,261,0.8966940673145944,0.0338448662177648,0.0396831233273552,0.0278576864266979,0.0019202567135875
SC4001,262,0.8999217940688833,0.0359670436775862,0.031234578863496,0.0290121745049676,0.0038644088850667
SC4001,263,0.942021163541784,0.0166100560499507,0.0244395178101359,0.0153104395959031,0.001618823002226
SC4001,264,0.9503886482966104,0.0143757650485004,0.0154957711425886,0.0184293477907335,0.0013104677215669
SC4001,265,0.971862213046506,0.0057046761349465,0.0097011140110692,0.0123522985781672,0.0003796982293107
SC4001,266,0.9614935830282648,0.0097305559810852,0.0154647672673644,0.0128884534636113,0.0004226402596742
SC4001,267,0.845415237400087,0.0520259216362616,0.0508670369545345,0.049975666359954,0.0017161376491627
SC4001,268,0.884978042571667,0.0364503982343552,0.0348641968095145,0.0417588582121526,0.0019485041723103
SC4001,269,0.8348391774965467,0.0409076883030561,0.1038546130836969,0.019076149458964,0.0013223716577362
SC4001,270,0.7520053199916551,0.0406468268363555,0.1702799908428375,0.0211322839362659,0.0159355783928857
SC4001,271,0.7225248479484577,0.1011167572415482,0.1460683592456929,0.0250376350856928,0.0052524004786082
SC4001,272,0.6933882434537512,0.0581438659260974,0.2014614473740613,0.0243128500510127,0.0226935931950773
SC4001,273,0.8345537771672737,0.0502989593329639,0.0502011667181576,0.0050117863891609,0.0599343103924436
SC4001,274,0.7669270814284944,0.0390698187529094,0.0602076074831099,0.0047813198552208,0.1290141724802653
SC4001,275,0.8540188059407159,0.0153657260349758,0.0506051908346839,0.0197251439993815,0.0602851331902428
SC4001,276,0.8922964646123493,0.0194593976526939,0.0516615662353128,0.0145113520074393,0.0220712194922045
SC4001,277,0.542980388077448,0.0621176342548625,0.2682845829185694,0.0071541318056895,0.1194632629434304
SC4001,278,0.7647571863449455,0.0232871329204694,0.0528356464537486,0.0016894637860706,0.1574305704947657
SC4001,279,0.9194859911396556,0.015060084785465,0.0247088431170574,0.0019211760334887,0.0388239049243332
SC4001,280,0.8934656675858992,0.0293072667956527,0.0585847341162985,0.0080323045529962,0.0106100269491532
SC4001,281,0.9542442381499168,0.0059623041360297,0.0281075933260005,0.0042258476202442,0.0074600167678086
SC4001,282,0.9009639409316332,0.0273193456361792,0.04240168601274,0.0125326094632152,0.0167824179562323
SC4001,283,0.90772693006536,0.0291897298909537,0.0355081944090487,0.0211275385148071,0.0064476071198302
SC4001,284,0.8178783979502299,0.0762029814358462,0.0554389305211942,0.0409789456312182,0.0095007444615113
SC4001,285,0.8472038238892198,0.0348474815110961,0.06435960501036,0.0363893656117851,0.017199723977539
SC4001,286,0.6785050411671614,0.0364273960964081,0.1979818480741957,0.0658124995758355,0.0212732150863992
SC4001,287,0.8361442177595135,0.0162772780236738,0.0791035617546391,0.0524572767273878,0.0160176657347857
SC4001,288,0.6857317600907155,0.0350904287292649,0.1636839963021397,0.0482026130679665,0.0672912018099133
SC4001,289,0.7686913777867554,0.0196488629882854,0.1146581557738557,0.0410352015693882,0.0559664018817151
SC4001,290,0.869246991080023,0.0208855583626345,0.0456942436093838,0.0123637810562266,0.0518094258917318
SC4001,291,0.9247382957035682,0.0128798543754703,0.0414547185080651,0.0186208999154195,0.0023062314974766
SC4001,292,0.9346644296486464,0.0136188355087849,0.0196271158665847,0.0062619072068084,0.0258277117691754
SC4001,293,0.9159304046418232,0.0209507964340864,0.0219756078689511,0.0146345256206097,0.0265086654345296
SC4001,294,0.94379142523263,0.0075419243501324,0.0335217169074842,0.0116864843397028,0.0034584491700504
SC4001,295,0.8211513272467262,0.0113230454752834,0.1461592376818237,0.0066526761912213,0.0147137134049452
SC4001,296,0.9509969331462986,0.0053569783816854,0.0339106752157989,0.0075617351955755,0.0021736780606414
SC4001,297,0.9428756398943868,0.0087245312064362,0.0324336566873966,0.012712978556661,0.0032531936551193
SC4001,298,0.9051023684384648,0.0151440825809098,0.0368208698611437,0.0108517128377495,0.0320809662817319
SC4001,299,0.9776065611085656,0.0070638597575768,0.0116240484844588,0.0033713017534506,0.0003342288959482
SC4001,300,0.9648899608212482,0.0134871170826853,0.0125840109557828,0.0088090699600355,0.000229841180248
SC4001,301,0.9470587667958498,0.0139797199245585,0.0131364875230309,0.0253648972431343,0.0004601285134263
SC4001,302,0.9381757904993868,0.0171616485449223,0.0223448714904932,0.0204933221536997,0.0018243673114978
SC4001,303,0.9080490411163268,0.0461277356791925,0.0250740631530992,0.0150680009546144,0.005681159096767
SC4001,304,0.836285367510011,0.050416534906465,0.0539677535589862,0.0344023794865065,0.0249279645380311
SC4001,305,0.8203497963421258,0.0316047503063339,0.0832047726525214,0.0393424095537691,0.0254982711452496
SC4001,306,0.5714372067324258,0.1037022628360036,0.1508410965432053,0.1401038766270239,0.0339155572613413
SC4001,307,0.6277357812333709,0.074896200226249,0.184229998108857,0.09819807376644,0.0149399466650828
SC4001,308,0.7677657632213214,0.061950407859406,0.1076824697860027,0.0474583343942831,0.0151430247389867
SC4001,309,0.7219048834462641,0.0649781106225657,0.1195697186188215,0.0834449017120839,0.0101023856002645
SC4001,310,0.7975001481991557,0.0518533551787631,0.0837311638736098,0.0544506097948033,0.0124647229536678
SC4001,311,0.5582211660128695,0.0330478920139163,0.1796490277941216,0.2058231214996697,0.0232587926794226
SC4001,312,0.6463846638309344,0.014163972286004,0.0953222121268352,0.0694238570752883,0.1747052946809379
SC4001,313,0.6165721700370008,0.0229425480800055,0.1009846083637705,0.2006687826053453,0.0588318909138777
SC4001,314,0.5907576322973506,0.0088645175056738,0.0399550691676446,0.0320707481543291,0.3283520328750017
SC4001,315,0.2115299189467711,0.0237725224681792,0.157792372409902,0.0895539419246333,0.5173512442505142
SC4001,316,0.3690495230461833,0.0219804556892789,0.0552416895872857,0.0336387213117111,0.5200896103655408
SC4001,317,0.3638825063944086,0.0109993583474826,0.1320865677630304,0.0373451879171389,0.4556863795779394
SC4001,318,0.5459831737709651,0.0169263833678798,0.0806451508567265,0.0293348484823655,0.3271104435220629
SC4001,319,0.5345532014503924,0.0257134695661236,0.0608296262355723,0.008863021923357,0.3700406808245546
SC4001,320,0.4812073122217495,0.0235617694602434,0.1374075410924644,0.0129790487609282,0.3448443284646143
SC4001,321,0.4190309438762487,0.0228942119588224,0.1095923069296899,0.0004014776313126,0.4480810596039262
SC4001,322,0.3577042376792614,0.0232593004938037,0.0622771952643456,0.0011429259069241,0.555616340655665
SC4001,323,0.4427334353249313,0.022750566020786,0.0771076154469814,0.0032258011372438,0.4541825820700573
SC4001,324,0.5870574976540195,0.0139291352520275,0.0374452347107354,0.0020717980682166,0.3594963343150008
SC4001,325,0.3762135272359805,0.0247973944460931,0.069628772248804,0.0023937423516317,0.5269665637174904
SC4001,326,0.6166991225339479,0.0586760933207454,0.1112968731044454,0.0168686677125365,0.1964592433283247
SC4001,327,0.4198133699145015,0.0442622691110643,0.1680733041707367,0.0213304877675896,0.3465205690361077
SC4001,328,0.8320675957628317,0.0189138267227236,0.1124419899755393,0.0182218472571235,0.0183547402817817
SC4001,329,0.7184839640518362,0.0229494214411375,0.1010862832294365,0.0525682788949014,0.1049120523826881
SC4001,330,0.7523853673692137,0.0150475292146754,0.0702049461770937,0.0991303500656368,0.0632318071733801
SC4001,331,0.8800371423017964,0.0103972214553659,0.0603931686251446,0.0275697441815926,0.0216027234361002
SC4001,332,0.8354332459303787,0.0061249393874267,0.0359627968331394,0.1066326944244878,0.0158463234245673
SC4001,333,0.6446452291107863,0.0339683432771502,0.0955190858015391,0.2009836173760839,0.0248837244344404
SC4001,334,0.6638458123844885,0.0343132062804991,0.1293161503838896,0.1369829192408827,0.0355419117102399
SC4001,335,0.4382175133178687,0.0258666948964646,0.170451639750357,0.1709328146999926,0.1945313373353169
SC4001,336,0.6052253083717166,0.0138958855043041,0.1176429466610284,0.2032335125545193,0.0600023469084315
SC4001,337,0.7522041061416642,0.013193465921821,0.0598911485668472,0.1569783549431491,0.0177329244265183
SC4001,338,0.5901557477384379,0.021517604879559,0.2187051260670758,0.1310512419592502,0.038570279355677
SC4001,339,0.6277762783865068,0.0259740753021377,0.1596957745996773,0.1682645603018787,0.0182893114097993
SC4001,340,0.8308655272012491,0.0119841203689665,0.0660476821625604,0.0843548220391816,0.0067478482280423
SC4001,341,0.71942330524926,0.0184388065777406,0.1217049063982875,0.1101525693307839,0.0302804124439278
SC4001,342,0.7090966359890394,0.054551274717814,0.1542793830373185,0.0654656535623031,0.0166070526935248
SC4001,343,0.8816661683836399,0.0130134950897282,0.0609400687503834,0.0422380801475763,0.002142187628672
SC4001,344,0.9115177626132754,0.0162709985123853,0.0234271195970827,0.0466019556163825,0.0021821636608738
SC4001,345,0.833701519188201,0.0369543937254526,0.0736023608873287,0.0516079959454388,0.0041337302535787
SC4001,346,0.8646692950360728,0.020924857509966,0.0812005785073382,0.0244153804199372,0.0087898885266855
SC4001,347,0.75162986637318,0.0151251065041304,0.1830540006215246,0.0380888014934299,0.0121022250077349
SC4001,348,0.7035444723130212,0.0203457151160344,0.2248209535730632,0.0330817593704531,0.018207099627428
SC4001,349,0.3767764213695545,0.0705783628913331,0.4114549988745111,0.0707677099344402,0.0704225069301609
SC4001,350,0.6047055005880992,0.0284350419159462,0.2881603399046197,0.0620273804318153,0.0166717371595195
SC4001,351,0.6211428333244032,0.0346600299405554,0.2493792731064822,0.0873349297752254,0.0074829338533336
SC4001,352,0.5758033994766976,0.0315623847288987,0.1957486086301786,0.1723493294686168,0.0245362776956081
SC4001,353,0.5526006269153748,0.0410673048689964,0.3087906043736504,0.0901415777787652,0.0073998860632131
SC4001,354,0.3289497494509769,0.0355082725766487,0.2037251643421924,0.4239135414876974,0.0079032721424845
SC4001,355,0.446168112430903,0.0336016569017683,0.2113790179289736,0.2880140351639429,0.020837177574412
SC4001,356,0.5525625047401833,0.0424684917063852,0.1207476701653569,0.2620080027288209,0.0222133306592536
SC4001,357,0.6675436873452472,0.0358072288024313,0.1806463555099089,0.1101537855270175,0.0058489428153949
SC4001,358,0.7727720368513573,0.0266559984196277,0.1434046748911157,0.0526227873209236,0.0045445025169754
SC4001,359,0.6210354686460822,0.0505376967203702,0.1701846598771896,0.1471860628813606,0.0110561118749973
SC4001,360,0.8094847687967234,0.0184748752540778,0.084408238499067,0.0790210645778548,0.0086110528722769
SC4001,361,0.7396875803198488,0.0196460140243546,0.1562707482946735,0.0672457635718526,0.0171498937892703
SC4001,362,0.8590085034934907,0.0080282045755739,0.0690746374668386,0.0592387971577095,0.0046498573063871
SC4001,363,0.7815850033013972,0.0092623984138061,0.0938226304637976,0.0775708499203832,0.0377591179006158
SC4001,364,0.8493790057112316,0.0091308498070274,0.067074115972067,0.0683386773891924,0.0060773511204815
SC4001,365,0.5376224359709765,0.0380930184096912,0.1234818877854946,0.265411416388158,0.0353912414456796
SC4001,366,0.8011967778288047,0.0108138804735597,0.0698545299520422,0.048205769064583,0.0699290426810103
SC4001,367,0.565187057396416,0.0189421989278967,0.0762193570230942,0.0234620974049866,0.3161892892476062
SC4001,368,0.4825659602006127,0.0278380740575712,0.0820599635021769,0.0452897240707446,0.3622462781688945
SC4001,369,0.0774270565844719,0.0157545029241757,0.0621209124707012,0.0185898925553108,0.8261076354653402
SC4001,370,0.1005191388094947,0.0105736767556657,0.0451830009226633,0.0031351263392993,0.8405890571728768
SC4001,371,0.0864107000630087,0.0087512159768694,0.0367068992606091,0.0039606230762145,0.864170561623298
SC4001,372,0.1722998727690711,0.0091292198485288,0.1022431363132037,0.0169843534429782,0.699343417626218
SC4001,373,0.5121488073631615,0.0124085418950574,0.160840380049821,0.0668596851080216,0.2477425855839384
SC4001,374,0.6199684306046275,0.0097600213917982,0.1038009690298814,0.0326043150865207,0.2338662638871721
SC4001,375,0.7266042182670488,0.0160999868593445,0.1100046852233338,0.0336040022039716,0.1136871074463012
SC4001,376,0.9083734652837904,0.0123151979080474,0.0417859887166928,0.0262188211728058,0.0113065269186634
SC4001,377,0.6602827426196267,0.0694161415939959,0.1581865256346465,0.05118021358964,0.0609343765620907
SC4001,378,0.8797425060714974,0.0172458907483386,0.0641728354047386,0.0364085764205655,0.0024301913548597
